Optimal Path Planning for Robots in Dynamic Environments
====================================================

Start Position: (2, 2)

Target Order: 
((8, 8), (2, 13), (10, 19))

Total Path Length: 51

Optimal Path:
[(3, 3), (4, 3), (5, 3), (6, 3), (6, 2), (7, 2), (8, 2), (8, 3), (8, 4), (8, 5), (8, 6), (8, 7), (8, 8), (8, 9), (9, 9), (10, 9), (10, 10), (10, 11), (9, 11), (8, 11), (7, 11), (6, 11), (6, 12), (6, 13), (5, 13), (4, 13), (3, 13), (2, 13), (2, 14), (2, 15), (2, 16), (2, 17), (2, 18), (2, 19), (2, 20), (2, 21), (2, 22), (2, 23), (3, 23), (4, 23), (5, 23), (6, 23), (7, 23), (8, 23), (9, 23), (10, 23), (11, 23), (11, 22), (11, 21), (10, 21), (10, 20), (10, 19)]

Performance Metrics:
------------------
Nodes expanded: 163
Computation time: 0.0075 seconds
Number of targets: 3

Target Positions:
[(9, 18), (7, 7), (1, 12)]

Explored Points (Visited Nodes):
[(7, 17), (4, 9), (3, 13), (8, 9), (9, 8), (9, 17), (11, 14), (2, 11), (11, 23), (6, 2), (6, 11), (4, 2), (3, 6), (5, 3), (8, 2), (3, 15), (5, 12), (8, 11), (2, 4), (4, 23), (11, 16), (6, 4), (10, 20), (6, 13), (7, 12), (3, 8), (5, 5), (8, 4), (3, 17), (9, 12), (5, 23), (6, 6), (7, 23), (5, 7), (10, 15), (2, 20), (7, 16), (3, 3), (3, 12), (5, 9), (4, 11), (9, 7), (10, 8), (10, 17), (2, 13), (2, 22), (3, 5), (5, 2), (4, 4), (3, 14), (5, 11), (4, 13), (9, 9), (3, 23), (8, 13), (10, 10), (2, 6), (7, 2), (10, 19), (2, 15), (7, 11), (3, 7), (5, 4), (4, 6), (3, 16), (5, 13), (4, 15), (8, 6), (8, 15), (10, 12), (11, 11), (2, 8), (10, 21), (9, 23), (11, 20), (2, 17), (6, 8), (6, 17), (3, 9), (5, 6), (4, 8), (4, 17), (8, 8), (8, 17), (10, 14), (11, 13), (10, 23), (11, 22), (2, 19), (3, 2), (3, 11), (2, 3), (10, 16), (11, 15), (2, 12), (2, 21), (6, 3), (6, 12), (3, 4), (4, 3), (4, 12), (8, 3), (8, 12), (10, 9), (9, 11), (2, 5), (11, 17), (2, 14), (2, 23), (6, 5), (7, 13), (6, 23), (4, 5), (4, 14), (8, 5), (10, 11), (9, 13), (2, 7), (8, 23), (11, 19), (2, 16), (6, 7), (6, 16), (7, 15), (4, 7), (4, 16), (5, 8), (8, 7), (10, 13), (11, 12), (11, 21), (2, 18), (6, 9)]
